2022/09/02-17:12:59.146986 d5b0 RocksDB version: 6.29.5
2022/09/02-17:12:59.147262 d5b0 Git sha da11a59034584ea2d0911268b8136e5249d6b692
2022/09/02-17:12:59.147308 d5b0 Compile date 2022-03-30 20:36:34
2022/09/02-17:12:59.147347 d5b0 DB SUMMARY
2022/09/02-17:12:59.147383 d5b0 DB Session ID:  TG6YQE3CW3RHB0EPT28B
2022/09/02-17:12:59.148526 d5b0 SST files in C:\MyWork\BesuLab\Node-1\data\database dir, Total Num: 0, files: 
2022/09/02-17:12:59.148597 d5b0 Write Ahead Log file in C:\MyWork\BesuLab\Node-1\data\database: 
2022/09/02-17:12:59.148635 d5b0                         Options.error_if_exists: 0
2022/09/02-17:12:59.148665 d5b0                       Options.create_if_missing: 1
2022/09/02-17:12:59.148694 d5b0                         Options.paranoid_checks: 1
2022/09/02-17:12:59.149146 d5b0             Options.flush_verify_memtable_count: 1
2022/09/02-17:12:59.149174 d5b0                               Options.track_and_verify_wals_in_manifest: 0
2022/09/02-17:12:59.149185 d5b0                                     Options.env: 000000002EE7F010
2022/09/02-17:12:59.149197 d5b0                                      Options.fs: WinFS
2022/09/02-17:12:59.149209 d5b0                                Options.info_log: 0000000030434DA0
2022/09/02-17:12:59.149220 d5b0                Options.max_file_opening_threads: 16
2022/09/02-17:12:59.149232 d5b0                              Options.statistics: 000000002BB2CE30
2022/09/02-17:12:59.149243 d5b0                               Options.use_fsync: 0
2022/09/02-17:12:59.149253 d5b0                       Options.max_log_file_size: 0
2022/09/02-17:12:59.149265 d5b0                  Options.max_manifest_file_size: 1073741824
2022/09/02-17:12:59.149275 d5b0                   Options.log_file_time_to_roll: 0
2022/09/02-17:12:59.149286 d5b0                       Options.keep_log_file_num: 1000
2022/09/02-17:12:59.149298 d5b0                    Options.recycle_log_file_num: 0
2022/09/02-17:12:59.149309 d5b0                         Options.allow_fallocate: 1
2022/09/02-17:12:59.149320 d5b0                        Options.allow_mmap_reads: 0
2022/09/02-17:12:59.149331 d5b0                       Options.allow_mmap_writes: 0
2022/09/02-17:12:59.149341 d5b0                        Options.use_direct_reads: 0
2022/09/02-17:12:59.149351 d5b0                        Options.use_direct_io_for_flush_and_compaction: 0
2022/09/02-17:12:59.149362 d5b0          Options.create_missing_column_families: 1
2022/09/02-17:12:59.149373 d5b0                              Options.db_log_dir: 
2022/09/02-17:12:59.149384 d5b0                                 Options.wal_dir: 
2022/09/02-17:12:59.149395 d5b0                Options.table_cache_numshardbits: 6
2022/09/02-17:12:59.149406 d5b0                         Options.WAL_ttl_seconds: 0
2022/09/02-17:12:59.149417 d5b0                       Options.WAL_size_limit_MB: 0
2022/09/02-17:12:59.149427 d5b0                        Options.max_write_batch_group_size_bytes: 1048576
2022/09/02-17:12:59.149439 d5b0             Options.manifest_preallocation_size: 4194304
2022/09/02-17:12:59.149449 d5b0                     Options.is_fd_close_on_exec: 1
2022/09/02-17:12:59.149461 d5b0                   Options.advise_random_on_open: 1
2022/09/02-17:12:59.149472 d5b0                   Options.experimental_mempurge_threshold: 0.000000
2022/09/02-17:12:59.149487 d5b0                    Options.db_write_buffer_size: 0
2022/09/02-17:12:59.149499 d5b0                    Options.write_buffer_manager: 000000002EE7F970
2022/09/02-17:12:59.149510 d5b0         Options.access_hint_on_compaction_start: 1
2022/09/02-17:12:59.149522 d5b0  Options.new_table_reader_for_compaction_inputs: 0
2022/09/02-17:12:59.149532 d5b0           Options.random_access_max_buffer_size: 1048576
2022/09/02-17:12:59.149543 d5b0                      Options.use_adaptive_mutex: 0
2022/09/02-17:12:59.149554 d5b0                            Options.rate_limiter: 0000000000000000
2022/09/02-17:12:59.149565 d5b0     Options.sst_file_manager.rate_bytes_per_sec: 0
2022/09/02-17:12:59.149575 d5b0                       Options.wal_recovery_mode: 2
2022/09/02-17:12:59.149650 d5b0                  Options.enable_thread_tracking: 0
2022/09/02-17:12:59.149666 d5b0                  Options.enable_pipelined_write: 0
2022/09/02-17:12:59.149678 d5b0                  Options.unordered_write: 0
2022/09/02-17:12:59.149689 d5b0         Options.allow_concurrent_memtable_write: 1
2022/09/02-17:12:59.149701 d5b0      Options.enable_write_thread_adaptive_yield: 1
2022/09/02-17:12:59.149712 d5b0             Options.write_thread_max_yield_usec: 100
2022/09/02-17:12:59.149724 d5b0            Options.write_thread_slow_yield_usec: 3
2022/09/02-17:12:59.149736 d5b0                               Options.row_cache: None
2022/09/02-17:12:59.149748 d5b0                              Options.wal_filter: None
2022/09/02-17:12:59.149760 d5b0             Options.avoid_flush_during_recovery: 0
2022/09/02-17:12:59.149772 d5b0             Options.allow_ingest_behind: 0
2022/09/02-17:12:59.149784 d5b0             Options.preserve_deletes: 0
2022/09/02-17:12:59.149795 d5b0             Options.two_write_queues: 0
2022/09/02-17:12:59.149806 d5b0             Options.manual_wal_flush: 0
2022/09/02-17:12:59.149818 d5b0             Options.atomic_flush: 0
2022/09/02-17:12:59.149829 d5b0             Options.avoid_unnecessary_blocking_io: 0
2022/09/02-17:12:59.149841 d5b0                 Options.persist_stats_to_disk: 0
2022/09/02-17:12:59.149853 d5b0                 Options.write_dbid_to_manifest: 0
2022/09/02-17:12:59.149864 d5b0                 Options.log_readahead_size: 0
2022/09/02-17:12:59.149876 d5b0                 Options.file_checksum_gen_factory: Unknown
2022/09/02-17:12:59.149888 d5b0                 Options.best_efforts_recovery: 0
2022/09/02-17:12:59.149899 d5b0                Options.max_bgerror_resume_count: 2147483647
2022/09/02-17:12:59.149911 d5b0            Options.bgerror_resume_retry_interval: 1000000
2022/09/02-17:12:59.149923 d5b0             Options.allow_data_in_errors: 0
2022/09/02-17:12:59.149935 d5b0             Options.db_host_id: __hostname__
2022/09/02-17:12:59.149947 d5b0             Options.max_background_jobs: 2
2022/09/02-17:12:59.149958 d5b0             Options.max_background_compactions: 4
2022/09/02-17:12:59.149970 d5b0             Options.max_subcompactions: 1
2022/09/02-17:12:59.149981 d5b0             Options.avoid_flush_during_shutdown: 0
2022/09/02-17:12:59.149992 d5b0           Options.writable_file_max_buffer_size: 1048576
2022/09/02-17:12:59.150004 d5b0             Options.delayed_write_rate : 16777216
2022/09/02-17:12:59.150016 d5b0             Options.max_total_wal_size: 0
2022/09/02-17:12:59.150027 d5b0             Options.delete_obsolete_files_period_micros: 21600000000
2022/09/02-17:12:59.150039 d5b0                   Options.stats_dump_period_sec: 600
2022/09/02-17:12:59.150051 d5b0                 Options.stats_persist_period_sec: 600
2022/09/02-17:12:59.150063 d5b0                 Options.stats_history_buffer_size: 1048576
2022/09/02-17:12:59.150074 d5b0                          Options.max_open_files: 1024
2022/09/02-17:12:59.150085 d5b0                          Options.bytes_per_sync: 0
2022/09/02-17:12:59.150096 d5b0                      Options.wal_bytes_per_sync: 0
2022/09/02-17:12:59.150108 d5b0                   Options.strict_bytes_per_sync: 0
2022/09/02-17:12:59.150119 d5b0       Options.compaction_readahead_size: 0
2022/09/02-17:12:59.150134 d5b0                  Options.max_background_flushes: -1
2022/09/02-17:12:59.150146 d5b0 Compression algorithms supported:
2022/09/02-17:12:59.150181 d5b0 	kZSTD supported: 1
2022/09/02-17:12:59.150193 d5b0 	kSnappyCompression supported: 1
2022/09/02-17:12:59.150203 d5b0 	kBZip2Compression supported: 0
2022/09/02-17:12:59.150215 d5b0 	kZlibCompression supported: 1
2022/09/02-17:12:59.150226 d5b0 	kLZ4Compression supported: 1
2022/09/02-17:12:59.150237 d5b0 	kXpressCompression supported: 0
2022/09/02-17:12:59.150247 d5b0 	kLZ4HCCompression supported: 1
2022/09/02-17:12:59.150259 d5b0 	kZSTDNotFinalCompression supported: 1
2022/09/02-17:12:59.150274 d5b0 Fast CRC32 supported: Not supported on x86
2022/09/02-17:12:59.177680 d5b0 [db\db_impl\db_impl_open.cc:307] Creating manifest 1 
2022/09/02-17:12:59.222078 d5b0 [db\version_set.cc:4889] Recovering from manifest file: C:\MyWork\BesuLab\Node-1\data\database/MANIFEST-000001
2022/09/02-17:12:59.223410 d5b0 [db\column_family.cc:607] --------------- Options for column family [default]:
2022/09/02-17:12:59.223458 d5b0               Options.comparator: leveldb.BytewiseComparator
2022/09/02-17:12:59.223477 d5b0           Options.merge_operator: None
2022/09/02-17:12:59.223495 d5b0        Options.compaction_filter: None
2022/09/02-17:12:59.223527 d5b0        Options.compaction_filter_factory: None
2022/09/02-17:12:59.223545 d5b0  Options.sst_partitioner_factory: None
2022/09/02-17:12:59.223562 d5b0         Options.memtable_factory: SkipListFactory
2022/09/02-17:12:59.223579 d5b0            Options.table_factory: BlockBasedTable
2022/09/02-17:12:59.223678 d5b0            table_factory options:   flush_block_policy_factory: FlushBlockBySizePolicyFactory (000000002EA359C0)
  cache_index_and_filter_blocks: 1
  cache_index_and_filter_blocks_with_high_priority: 1
  pin_l0_filter_and_index_blocks_in_cache: 0
  pin_top_level_index_and_filter: 1
  index_type: 0
  data_block_index_type: 0
  index_shortening: 1
  data_block_hash_table_util_ratio: 0.750000
  hash_index_allow_collision: 1
  checksum: 1
  no_block_cache: 0
  block_cache: 000000002E861420
  block_cache_name: LRUCache
  block_cache_options:
    capacity : 134217728
    num_shard_bits : 6
    strict_capacity_limit : 0
    memory_allocator : None
    high_pri_pool_ratio: 0.000
  block_cache_compressed: 0000000000000000
  persistent_cache: 0000000000000000
  block_size: 32768
  block_size_deviation: 10
  block_restart_interval: 16
  index_block_restart_interval: 1
  metadata_block_size: 4096
  partition_filters: 0
  use_delta_encoding: 1
  filter_policy: nullptr
  whole_key_filtering: 1
  verify_compression: 0
  read_amp_bytes_per_bit: 0
  format_version: 5
  enable_index_compression: 1
  block_align: 0
  max_auto_readahead_size: 262144
  prepopulate_block_cache: 0
2022/09/02-17:12:59.223699 d5b0        Options.write_buffer_size: 67108864
2022/09/02-17:12:59.223717 d5b0  Options.max_write_buffer_number: 2
2022/09/02-17:12:59.223734 d5b0          Options.compression: LZ4
2022/09/02-17:12:59.223756 d5b0                  Options.bottommost_compression: Disabled
2022/09/02-17:12:59.223774 d5b0       Options.prefix_extractor: nullptr
2022/09/02-17:12:59.223791 d5b0   Options.memtable_insert_with_hint_prefix_extractor: nullptr
2022/09/02-17:12:59.223809 d5b0             Options.num_levels: 7
2022/09/02-17:12:59.223826 d5b0        Options.min_write_buffer_number_to_merge: 1
2022/09/02-17:12:59.223843 d5b0     Options.max_write_buffer_number_to_maintain: 0
2022/09/02-17:12:59.223860 d5b0     Options.max_write_buffer_size_to_maintain: 134217728
2022/09/02-17:12:59.223877 d5b0            Options.bottommost_compression_opts.window_bits: -14
2022/09/02-17:12:59.223895 d5b0                  Options.bottommost_compression_opts.level: 32767
2022/09/02-17:12:59.223913 d5b0               Options.bottommost_compression_opts.strategy: 0
2022/09/02-17:12:59.223930 d5b0         Options.bottommost_compression_opts.max_dict_bytes: 0
2022/09/02-17:12:59.223948 d5b0         Options.bottommost_compression_opts.zstd_max_train_bytes: 0
2022/09/02-17:12:59.223966 d5b0         Options.bottommost_compression_opts.parallel_threads: 1
2022/09/02-17:12:59.223983 d5b0                  Options.bottommost_compression_opts.enabled: false
2022/09/02-17:12:59.224000 d5b0         Options.bottommost_compression_opts.max_dict_buffer_bytes: 0
2022/09/02-17:12:59.224018 d5b0            Options.compression_opts.window_bits: -14
2022/09/02-17:12:59.224035 d5b0                  Options.compression_opts.level: 32767
2022/09/02-17:12:59.224052 d5b0               Options.compression_opts.strategy: 0
2022/09/02-17:12:59.224069 d5b0         Options.compression_opts.max_dict_bytes: 0
2022/09/02-17:12:59.224087 d5b0         Options.compression_opts.zstd_max_train_bytes: 0
2022/09/02-17:12:59.224104 d5b0         Options.compression_opts.parallel_threads: 1
2022/09/02-17:12:59.224238 d5b0                  Options.compression_opts.enabled: false
2022/09/02-17:12:59.224268 d5b0         Options.compression_opts.max_dict_buffer_bytes: 0
2022/09/02-17:12:59.224286 d5b0      Options.level0_file_num_compaction_trigger: 4
2022/09/02-17:12:59.224303 d5b0          Options.level0_slowdown_writes_trigger: 20
2022/09/02-17:12:59.224320 d5b0              Options.level0_stop_writes_trigger: 36
2022/09/02-17:12:59.224337 d5b0                   Options.target_file_size_base: 67108864
2022/09/02-17:12:59.224354 d5b0             Options.target_file_size_multiplier: 1
2022/09/02-17:12:59.224371 d5b0                Options.max_bytes_for_level_base: 268435456
2022/09/02-17:12:59.224389 d5b0 Options.level_compaction_dynamic_level_bytes: 0
2022/09/02-17:12:59.224405 d5b0          Options.max_bytes_for_level_multiplier: 10.000000
2022/09/02-17:12:59.224425 d5b0 Options.max_bytes_for_level_multiplier_addtl[0]: 1
2022/09/02-17:12:59.224442 d5b0 Options.max_bytes_for_level_multiplier_addtl[1]: 1
2022/09/02-17:12:59.224461 d5b0 Options.max_bytes_for_level_multiplier_addtl[2]: 1
2022/09/02-17:12:59.224478 d5b0 Options.max_bytes_for_level_multiplier_addtl[3]: 1
2022/09/02-17:12:59.224496 d5b0 Options.max_bytes_for_level_multiplier_addtl[4]: 1
2022/09/02-17:12:59.224599 d5b0 Options.max_bytes_for_level_multiplier_addtl[5]: 1
2022/09/02-17:12:59.224628 d5b0 Options.max_bytes_for_level_multiplier_addtl[6]: 1
2022/09/02-17:12:59.224649 d5b0       Options.max_sequential_skip_in_iterations: 8
2022/09/02-17:12:59.224661 d5b0                    Options.max_compaction_bytes: 1677721600
2022/09/02-17:12:59.224673 d5b0                        Options.arena_block_size: 1048576
2022/09/02-17:12:59.224684 d5b0   Options.soft_pending_compaction_bytes_limit: 68719476736
2022/09/02-17:12:59.224696 d5b0   Options.hard_pending_compaction_bytes_limit: 274877906944
2022/09/02-17:12:59.224708 d5b0       Options.rate_limit_delay_max_milliseconds: 100
2022/09/02-17:12:59.224720 d5b0                Options.disable_auto_compactions: 1
2022/09/02-17:12:59.224734 d5b0                        Options.compaction_style: kCompactionStyleLevel
2022/09/02-17:12:59.224747 d5b0                          Options.compaction_pri: kMinOverlappingRatio
2022/09/02-17:12:59.224758 d5b0 Options.compaction_options_universal.size_ratio: 1
2022/09/02-17:12:59.224769 d5b0 Options.compaction_options_universal.min_merge_width: 2
2022/09/02-17:12:59.224781 d5b0 Options.compaction_options_universal.max_merge_width: 4294967295
2022/09/02-17:12:59.224793 d5b0 Options.compaction_options_universal.max_size_amplification_percent: 200
2022/09/02-17:12:59.224804 d5b0 Options.compaction_options_universal.compression_size_percent: -1
2022/09/02-17:12:59.224821 d5b0 Options.compaction_options_universal.stop_style: kCompactionStopStyleTotalSize
2022/09/02-17:12:59.224832 d5b0 Options.compaction_options_fifo.max_table_files_size: 1073741824
2022/09/02-17:12:59.224843 d5b0 Options.compaction_options_fifo.allow_compaction: 0
2022/09/02-17:12:59.224875 d5b0                   Options.table_properties_collectors: 
2022/09/02-17:12:59.224889 d5b0                   Options.inplace_update_support: 0
2022/09/02-17:12:59.224900 d5b0                 Options.inplace_update_num_locks: 10000
2022/09/02-17:12:59.224911 d5b0               Options.memtable_prefix_bloom_size_ratio: 0.000000
2022/09/02-17:12:59.224923 d5b0               Options.memtable_whole_key_filtering: 0
2022/09/02-17:12:59.224935 d5b0   Options.memtable_huge_page_size: 0
2022/09/02-17:12:59.224946 d5b0                           Options.bloom_locality: 0
2022/09/02-17:12:59.225012 d5b0                    Options.max_successive_merges: 0
2022/09/02-17:12:59.225024 d5b0                Options.optimize_filters_for_hits: 0
2022/09/02-17:12:59.225040 d5b0                Options.paranoid_file_checks: 0
2022/09/02-17:12:59.225062 d5b0                Options.force_consistency_checks: 1
2022/09/02-17:12:59.226320 d5b0                Options.report_bg_io_stats: 0
2022/09/02-17:12:59.226375 d5b0                               Options.ttl: 0
2022/09/02-17:12:59.227229 d5b0          Options.periodic_compaction_seconds: 0
2022/09/02-17:12:59.227272 d5b0                       Options.enable_blob_files: false
2022/09/02-17:12:59.227294 d5b0                           Options.min_blob_size: 0
2022/09/02-17:12:59.227314 d5b0                          Options.blob_file_size: 268435456
2022/09/02-17:12:59.227336 d5b0                   Options.blob_compression_type: NoCompression
2022/09/02-17:12:59.227356 d5b0          Options.enable_blob_garbage_collection: false
2022/09/02-17:12:59.227375 d5b0      Options.blob_garbage_collection_age_cutoff: 0.250000
2022/09/02-17:12:59.227401 d5b0 Options.blob_garbage_collection_force_threshold: 1.000000
2022/09/02-17:12:59.227422 d5b0          Options.blob_compaction_readahead_size: 0
2022/09/02-17:12:59.256139 d5b0 [db\version_set.cc:4937] Recovered from manifest file:C:\MyWork\BesuLab\Node-1\data\database/MANIFEST-000001 succeeded,manifest_file_number is 1, next_file_number is 3, last_sequence is 0, log_number is 0,prev_log_number is 0,max_column_family is 0,min_log_number_to_keep is 0
2022/09/02-17:12:59.256179 d5b0 [db\version_set.cc:4946] Column family [default] (ID 0), log number is 0
2022/09/02-17:12:59.259696 d5b0 [db\version_set.cc:4410] Creating manifest 4
2022/09/02-17:12:59.294546 d5b0 [db\column_family.cc:607] --------------- Options for column family []:
2022/09/02-17:12:59.294587 d5b0               Options.comparator: leveldb.BytewiseComparator
2022/09/02-17:12:59.294601 d5b0           Options.merge_operator: None
2022/09/02-17:12:59.294613 d5b0        Options.compaction_filter: None
2022/09/02-17:12:59.294624 d5b0        Options.compaction_filter_factory: None
2022/09/02-17:12:59.294636 d5b0  Options.sst_partitioner_factory: None
2022/09/02-17:12:59.294648 d5b0         Options.memtable_factory: SkipListFactory
2022/09/02-17:12:59.294659 d5b0            Options.table_factory: BlockBasedTable
2022/09/02-17:12:59.294714 d5b0            table_factory options:   flush_block_policy_factory: FlushBlockBySizePolicyFactory (000000002EA35510)
  cache_index_and_filter_blocks: 1
  cache_index_and_filter_blocks_with_high_priority: 1
  pin_l0_filter_and_index_blocks_in_cache: 0
  pin_top_level_index_and_filter: 1
  index_type: 0
  data_block_index_type: 0
  index_shortening: 1
  data_block_hash_table_util_ratio: 0.750000
  hash_index_allow_collision: 1
  checksum: 1
  no_block_cache: 0
  block_cache: 000000002E8629E0
  block_cache_name: LRUCache
  block_cache_options:
    capacity : 134217728
    num_shard_bits : 6
    strict_capacity_limit : 0
    memory_allocator : None
    high_pri_pool_ratio: 0.000
  block_cache_compressed: 0000000000000000
  persistent_cache: 0000000000000000
  block_size: 32768
  block_size_deviation: 10
  block_restart_interval: 16
  index_block_restart_interval: 1
  metadata_block_size: 4096
  partition_filters: 0
  use_delta_encoding: 1
  filter_policy: nullptr
  whole_key_filtering: 1
  verify_compression: 0
  read_amp_bytes_per_bit: 0
  format_version: 5
  enable_index_compression: 1
  block_align: 0
  max_auto_readahead_size: 262144
  prepopulate_block_cache: 0
2022/09/02-17:12:59.294728 d5b0        Options.write_buffer_size: 67108864
2022/09/02-17:12:59.294739 d5b0  Options.max_write_buffer_number: 2
2022/09/02-17:12:59.294749 d5b0          Options.compression: LZ4
2022/09/02-17:12:59.294759 d5b0                  Options.bottommost_compression: Disabled
2022/09/02-17:12:59.294769 d5b0       Options.prefix_extractor: nullptr
2022/09/02-17:12:59.294779 d5b0   Options.memtable_insert_with_hint_prefix_extractor: nullptr
2022/09/02-17:12:59.294789 d5b0             Options.num_levels: 7
2022/09/02-17:12:59.294800 d5b0        Options.min_write_buffer_number_to_merge: 1
2022/09/02-17:12:59.294809 d5b0     Options.max_write_buffer_number_to_maintain: 0
2022/09/02-17:12:59.294819 d5b0     Options.max_write_buffer_size_to_maintain: 134217728
2022/09/02-17:12:59.294830 d5b0            Options.bottommost_compression_opts.window_bits: -14
2022/09/02-17:12:59.294848 d5b0                  Options.bottommost_compression_opts.level: 32767
2022/09/02-17:12:59.294891 d5b0               Options.bottommost_compression_opts.strategy: 0
2022/09/02-17:12:59.294939 d5b0         Options.bottommost_compression_opts.max_dict_bytes: 0
2022/09/02-17:12:59.295612 d5b0         Options.bottommost_compression_opts.zstd_max_train_bytes: 0
2022/09/02-17:12:59.295642 d5b0         Options.bottommost_compression_opts.parallel_threads: 1
2022/09/02-17:12:59.295656 d5b0                  Options.bottommost_compression_opts.enabled: false
2022/09/02-17:12:59.295669 d5b0         Options.bottommost_compression_opts.max_dict_buffer_bytes: 0
2022/09/02-17:12:59.295681 d5b0            Options.compression_opts.window_bits: -14
2022/09/02-17:12:59.295694 d5b0                  Options.compression_opts.level: 32767
2022/09/02-17:12:59.295706 d5b0               Options.compression_opts.strategy: 0
2022/09/02-17:12:59.295719 d5b0         Options.compression_opts.max_dict_bytes: 0
2022/09/02-17:12:59.295730 d5b0         Options.compression_opts.zstd_max_train_bytes: 0
2022/09/02-17:12:59.295740 d5b0         Options.compression_opts.parallel_threads: 1
2022/09/02-17:12:59.295751 d5b0                  Options.compression_opts.enabled: false
2022/09/02-17:12:59.295762 d5b0         Options.compression_opts.max_dict_buffer_bytes: 0
2022/09/02-17:12:59.295773 d5b0      Options.level0_file_num_compaction_trigger: 4
2022/09/02-17:12:59.295785 d5b0          Options.level0_slowdown_writes_trigger: 20
2022/09/02-17:12:59.295798 d5b0              Options.level0_stop_writes_trigger: 36
2022/09/02-17:12:59.295809 d5b0                   Options.target_file_size_base: 67108864
2022/09/02-17:12:59.295820 d5b0             Options.target_file_size_multiplier: 1
2022/09/02-17:12:59.295831 d5b0                Options.max_bytes_for_level_base: 268435456
2022/09/02-17:12:59.295842 d5b0 Options.level_compaction_dynamic_level_bytes: 0
2022/09/02-17:12:59.295851 d5b0          Options.max_bytes_for_level_multiplier: 10.000000
2022/09/02-17:12:59.295866 d5b0 Options.max_bytes_for_level_multiplier_addtl[0]: 1
2022/09/02-17:12:59.295877 d5b0 Options.max_bytes_for_level_multiplier_addtl[1]: 1
2022/09/02-17:12:59.295888 d5b0 Options.max_bytes_for_level_multiplier_addtl[2]: 1
2022/09/02-17:12:59.295899 d5b0 Options.max_bytes_for_level_multiplier_addtl[3]: 1
2022/09/02-17:12:59.295910 d5b0 Options.max_bytes_for_level_multiplier_addtl[4]: 1
2022/09/02-17:12:59.295921 d5b0 Options.max_bytes_for_level_multiplier_addtl[5]: 1
2022/09/02-17:12:59.295932 d5b0 Options.max_bytes_for_level_multiplier_addtl[6]: 1
2022/09/02-17:12:59.295944 d5b0       Options.max_sequential_skip_in_iterations: 8
2022/09/02-17:12:59.295956 d5b0                    Options.max_compaction_bytes: 1677721600
2022/09/02-17:12:59.295968 d5b0                        Options.arena_block_size: 1048576
2022/09/02-17:12:59.296062 d5b0   Options.soft_pending_compaction_bytes_limit: 68719476736
2022/09/02-17:12:59.296080 d5b0   Options.hard_pending_compaction_bytes_limit: 274877906944
2022/09/02-17:12:59.296092 d5b0       Options.rate_limit_delay_max_milliseconds: 100
2022/09/02-17:12:59.296104 d5b0                Options.disable_auto_compactions: 1
2022/09/02-17:12:59.296117 d5b0                        Options.compaction_style: kCompactionStyleLevel
2022/09/02-17:12:59.296131 d5b0                          Options.compaction_pri: kMinOverlappingRatio
2022/09/02-17:12:59.296142 d5b0 Options.compaction_options_universal.size_ratio: 1
2022/09/02-17:12:59.296155 d5b0 Options.compaction_options_universal.min_merge_width: 2
2022/09/02-17:12:59.296167 d5b0 Options.compaction_options_universal.max_merge_width: 4294967295
2022/09/02-17:12:59.296177 d5b0 Options.compaction_options_universal.max_size_amplification_percent: 200
2022/09/02-17:12:59.296189 d5b0 Options.compaction_options_universal.compression_size_percent: -1
2022/09/02-17:12:59.296201 d5b0 Options.compaction_options_universal.stop_style: kCompactionStopStyleTotalSize
2022/09/02-17:12:59.296212 d5b0 Options.compaction_options_fifo.max_table_files_size: 1073741824
2022/09/02-17:12:59.296229 d5b0 Options.compaction_options_fifo.allow_compaction: 0
2022/09/02-17:12:59.296249 d5b0                   Options.table_properties_collectors: 
2022/09/02-17:12:59.296261 d5b0                   Options.inplace_update_support: 0
2022/09/02-17:12:59.296273 d5b0                 Options.inplace_update_num_locks: 10000
2022/09/02-17:12:59.296284 d5b0               Options.memtable_prefix_bloom_size_ratio: 0.000000
2022/09/02-17:12:59.296297 d5b0               Options.memtable_whole_key_filtering: 0
2022/09/02-17:12:59.296308 d5b0   Options.memtable_huge_page_size: 0
2022/09/02-17:12:59.296319 d5b0                           Options.bloom_locality: 0
2022/09/02-17:12:59.296330 d5b0                    Options.max_successive_merges: 0
2022/09/02-17:12:59.296342 d5b0                Options.optimize_filters_for_hits: 0
2022/09/02-17:12:59.296354 d5b0                Options.paranoid_file_checks: 0
2022/09/02-17:12:59.296364 d5b0                Options.force_consistency_checks: 1
2022/09/02-17:12:59.296376 d5b0                Options.report_bg_io_stats: 0
2022/09/02-17:12:59.296387 d5b0                               Options.ttl: 0
2022/09/02-17:12:59.296397 d5b0          Options.periodic_compaction_seconds: 0
2022/09/02-17:12:59.296407 d5b0                       Options.enable_blob_files: false
2022/09/02-17:12:59.296417 d5b0                           Options.min_blob_size: 0
2022/09/02-17:12:59.296428 d5b0                          Options.blob_file_size: 268435456
2022/09/02-17:12:59.296440 d5b0                   Options.blob_compression_type: NoCompression
2022/09/02-17:12:59.296452 d5b0          Options.enable_blob_garbage_collection: false
2022/09/02-17:12:59.296463 d5b0      Options.blob_garbage_collection_age_cutoff: 0.250000
2022/09/02-17:12:59.296476 d5b0 Options.blob_garbage_collection_force_threshold: 1.000000
2022/09/02-17:12:59.296488 d5b0          Options.blob_compaction_readahead_size: 0
2022/09/02-17:12:59.297368 d5b0 [db\db_impl\db_impl.cc:2782] Created column family [] (ID 1)
2022/09/02-17:12:59.333550 d5b0 [db\column_family.cc:607] --------------- Options for column family []:
2022/09/02-17:12:59.333591 d5b0               Options.comparator: leveldb.BytewiseComparator
2022/09/02-17:12:59.333604 d5b0           Options.merge_operator: None
2022/09/02-17:12:59.333616 d5b0        Options.compaction_filter: None
2022/09/02-17:12:59.333628 d5b0        Options.compaction_filter_factory: None
2022/09/02-17:12:59.333639 d5b0  Options.sst_partitioner_factory: None
2022/09/02-17:12:59.333650 d5b0         Options.memtable_factory: SkipListFactory
2022/09/02-17:12:59.333661 d5b0            Options.table_factory: BlockBasedTable
2022/09/02-17:12:59.333711 d5b0            table_factory options:   flush_block_policy_factory: FlushBlockBySizePolicyFactory (000000002EA35630)
  cache_index_and_filter_blocks: 1
  cache_index_and_filter_blocks_with_high_priority: 1
  pin_l0_filter_and_index_blocks_in_cache: 0
  pin_top_level_index_and_filter: 1
  index_type: 0
  data_block_index_type: 0
  index_shortening: 1
  data_block_hash_table_util_ratio: 0.750000
  hash_index_allow_collision: 1
  checksum: 1
  no_block_cache: 0
  block_cache: 000000002E861F60
  block_cache_name: LRUCache
  block_cache_options:
    capacity : 134217728
    num_shard_bits : 6
    strict_capacity_limit : 0
    memory_allocator : None
    high_pri_pool_ratio: 0.000
  block_cache_compressed: 0000000000000000
  persistent_cache: 0000000000000000
  block_size: 32768
  block_size_deviation: 10
  block_restart_interval: 16
  index_block_restart_interval: 1
  metadata_block_size: 4096
  partition_filters: 0
  use_delta_encoding: 1
  filter_policy: nullptr
  whole_key_filtering: 1
  verify_compression: 0
  read_amp_bytes_per_bit: 0
  format_version: 5
  enable_index_compression: 1
  block_align: 0
  max_auto_readahead_size: 262144
  prepopulate_block_cache: 0
2022/09/02-17:12:59.333725 d5b0        Options.write_buffer_size: 67108864
2022/09/02-17:12:59.333735 d5b0  Options.max_write_buffer_number: 2
2022/09/02-17:12:59.333754 d5b0          Options.compression: LZ4
2022/09/02-17:12:59.333767 d5b0                  Options.bottommost_compression: Disabled
2022/09/02-17:12:59.333778 d5b0       Options.prefix_extractor: nullptr
2022/09/02-17:12:59.333789 d5b0   Options.memtable_insert_with_hint_prefix_extractor: nullptr
2022/09/02-17:12:59.333800 d5b0             Options.num_levels: 7
2022/09/02-17:12:59.333813 d5b0        Options.min_write_buffer_number_to_merge: 1
2022/09/02-17:12:59.333824 d5b0     Options.max_write_buffer_number_to_maintain: 0
2022/09/02-17:12:59.333839 d5b0     Options.max_write_buffer_size_to_maintain: 134217728
2022/09/02-17:12:59.333850 d5b0            Options.bottommost_compression_opts.window_bits: -14
2022/09/02-17:12:59.333861 d5b0                  Options.bottommost_compression_opts.level: 32767
2022/09/02-17:12:59.333871 d5b0               Options.bottommost_compression_opts.strategy: 0
2022/09/02-17:12:59.333881 d5b0         Options.bottommost_compression_opts.max_dict_bytes: 0
2022/09/02-17:12:59.333893 d5b0         Options.bottommost_compression_opts.zstd_max_train_bytes: 0
2022/09/02-17:12:59.333903 d5b0         Options.bottommost_compression_opts.parallel_threads: 1
2022/09/02-17:12:59.333913 d5b0                  Options.bottommost_compression_opts.enabled: false
2022/09/02-17:12:59.333924 d5b0         Options.bottommost_compression_opts.max_dict_buffer_bytes: 0
2022/09/02-17:12:59.333934 d5b0            Options.compression_opts.window_bits: -14
2022/09/02-17:12:59.334003 d5b0                  Options.compression_opts.level: 32767
2022/09/02-17:12:59.334018 d5b0               Options.compression_opts.strategy: 0
2022/09/02-17:12:59.334029 d5b0         Options.compression_opts.max_dict_bytes: 0
2022/09/02-17:12:59.334041 d5b0         Options.compression_opts.zstd_max_train_bytes: 0
2022/09/02-17:12:59.334053 d5b0         Options.compression_opts.parallel_threads: 1
2022/09/02-17:12:59.334064 d5b0                  Options.compression_opts.enabled: false
2022/09/02-17:12:59.334076 d5b0         Options.compression_opts.max_dict_buffer_bytes: 0
2022/09/02-17:12:59.334086 d5b0      Options.level0_file_num_compaction_trigger: 4
2022/09/02-17:12:59.334099 d5b0          Options.level0_slowdown_writes_trigger: 20
2022/09/02-17:12:59.334110 d5b0              Options.level0_stop_writes_trigger: 36
2022/09/02-17:12:59.334123 d5b0                   Options.target_file_size_base: 67108864
2022/09/02-17:12:59.334135 d5b0             Options.target_file_size_multiplier: 1
2022/09/02-17:12:59.334147 d5b0                Options.max_bytes_for_level_base: 268435456
2022/09/02-17:12:59.334158 d5b0 Options.level_compaction_dynamic_level_bytes: 0
2022/09/02-17:12:59.334170 d5b0          Options.max_bytes_for_level_multiplier: 10.000000
2022/09/02-17:12:59.334183 d5b0 Options.max_bytes_for_level_multiplier_addtl[0]: 1
2022/09/02-17:12:59.334195 d5b0 Options.max_bytes_for_level_multiplier_addtl[1]: 1
2022/09/02-17:12:59.334207 d5b0 Options.max_bytes_for_level_multiplier_addtl[2]: 1
2022/09/02-17:12:59.334218 d5b0 Options.max_bytes_for_level_multiplier_addtl[3]: 1
2022/09/02-17:12:59.334230 d5b0 Options.max_bytes_for_level_multiplier_addtl[4]: 1
2022/09/02-17:12:59.334242 d5b0 Options.max_bytes_for_level_multiplier_addtl[5]: 1
2022/09/02-17:12:59.334254 d5b0 Options.max_bytes_for_level_multiplier_addtl[6]: 1
2022/09/02-17:12:59.334266 d5b0       Options.max_sequential_skip_in_iterations: 8
2022/09/02-17:12:59.334277 d5b0                    Options.max_compaction_bytes: 1677721600
2022/09/02-17:12:59.334288 d5b0                        Options.arena_block_size: 1048576
2022/09/02-17:12:59.334300 d5b0   Options.soft_pending_compaction_bytes_limit: 68719476736
2022/09/02-17:12:59.334312 d5b0   Options.hard_pending_compaction_bytes_limit: 274877906944
2022/09/02-17:12:59.334324 d5b0       Options.rate_limit_delay_max_milliseconds: 100
2022/09/02-17:12:59.334340 d5b0                Options.disable_auto_compactions: 1
2022/09/02-17:12:59.334354 d5b0                        Options.compaction_style: kCompactionStyleLevel
2022/09/02-17:12:59.334457 d5b0                          Options.compaction_pri: kMinOverlappingRatio
2022/09/02-17:12:59.334475 d5b0 Options.compaction_options_universal.size_ratio: 1
2022/09/02-17:12:59.334487 d5b0 Options.compaction_options_universal.min_merge_width: 2
2022/09/02-17:12:59.334499 d5b0 Options.compaction_options_universal.max_merge_width: 4294967295
2022/09/02-17:12:59.334511 d5b0 Options.compaction_options_universal.max_size_amplification_percent: 200
2022/09/02-17:12:59.334523 d5b0 Options.compaction_options_universal.compression_size_percent: -1
2022/09/02-17:12:59.334537 d5b0 Options.compaction_options_universal.stop_style: kCompactionStopStyleTotalSize
2022/09/02-17:12:59.334549 d5b0 Options.compaction_options_fifo.max_table_files_size: 1073741824
2022/09/02-17:12:59.334561 d5b0 Options.compaction_options_fifo.allow_compaction: 0
2022/09/02-17:12:59.334579 d5b0                   Options.table_properties_collectors: 
2022/09/02-17:12:59.334592 d5b0                   Options.inplace_update_support: 0
2022/09/02-17:12:59.334605 d5b0                 Options.inplace_update_num_locks: 10000
2022/09/02-17:12:59.334617 d5b0               Options.memtable_prefix_bloom_size_ratio: 0.000000
2022/09/02-17:12:59.334630 d5b0               Options.memtable_whole_key_filtering: 0
2022/09/02-17:12:59.334641 d5b0   Options.memtable_huge_page_size: 0
2022/09/02-17:12:59.334653 d5b0                           Options.bloom_locality: 0
2022/09/02-17:12:59.334665 d5b0                    Options.max_successive_merges: 0
2022/09/02-17:12:59.334676 d5b0                Options.optimize_filters_for_hits: 0
2022/09/02-17:12:59.334688 d5b0                Options.paranoid_file_checks: 0
2022/09/02-17:12:59.334698 d5b0                Options.force_consistency_checks: 1
2022/09/02-17:12:59.334710 d5b0                Options.report_bg_io_stats: 0
2022/09/02-17:12:59.334721 d5b0                               Options.ttl: 0
2022/09/02-17:12:59.334732 d5b0          Options.periodic_compaction_seconds: 0
2022/09/02-17:12:59.334743 d5b0                       Options.enable_blob_files: false
2022/09/02-17:12:59.334754 d5b0                           Options.min_blob_size: 0
2022/09/02-17:12:59.334766 d5b0                          Options.blob_file_size: 268435456
2022/09/02-17:12:59.334779 d5b0                   Options.blob_compression_type: NoCompression
2022/09/02-17:12:59.334793 d5b0          Options.enable_blob_garbage_collection: false
2022/09/02-17:12:59.334806 d5b0      Options.blob_garbage_collection_age_cutoff: 0.250000
2022/09/02-17:12:59.334821 d5b0 Options.blob_garbage_collection_force_threshold: 1.000000
2022/09/02-17:12:59.334833 d5b0          Options.blob_compaction_readahead_size: 0
2022/09/02-17:12:59.335851 d5b0 [db\db_impl\db_impl.cc:2782] Created column family [] (ID 2)
2022/09/02-17:12:59.369156 d5b0 [db\column_family.cc:607] --------------- Options for column family []:
2022/09/02-17:12:59.369206 d5b0               Options.comparator: leveldb.BytewiseComparator
2022/09/02-17:12:59.369221 d5b0           Options.merge_operator: None
2022/09/02-17:12:59.369234 d5b0        Options.compaction_filter: None
2022/09/02-17:12:59.369246 d5b0        Options.compaction_filter_factory: None
2022/09/02-17:12:59.369258 d5b0  Options.sst_partitioner_factory: None
2022/09/02-17:12:59.369270 d5b0         Options.memtable_factory: SkipListFactory
2022/09/02-17:12:59.369283 d5b0            Options.table_factory: BlockBasedTable
2022/09/02-17:12:59.369359 d5b0            table_factory options:   flush_block_policy_factory: FlushBlockBySizePolicyFactory (000000002EA353F0)
  cache_index_and_filter_blocks: 1
  cache_index_and_filter_blocks_with_high_priority: 1
  pin_l0_filter_and_index_blocks_in_cache: 0
  pin_top_level_index_and_filter: 1
  index_type: 0
  data_block_index_type: 0
  index_shortening: 1
  data_block_hash_table_util_ratio: 0.750000
  hash_index_allow_collision: 1
  checksum: 1
  no_block_cache: 0
  block_cache: 000000002E860EE0
  block_cache_name: LRUCache
  block_cache_options:
    capacity : 134217728
    num_shard_bits : 6
    strict_capacity_limit : 0
    memory_allocator : None
    high_pri_pool_ratio: 0.000
  block_cache_compressed: 0000000000000000
  persistent_cache: 0000000000000000
  block_size: 32768
  block_size_deviation: 10
  block_restart_interval: 16
  index_block_restart_interval: 1
  metadata_block_size: 4096
  partition_filters: 0
  use_delta_encoding: 1
  filter_policy: nullptr
  whole_key_filtering: 1
  verify_compression: 0
  read_amp_bytes_per_bit: 0
  format_version: 5
  enable_index_compression: 1
  block_align: 0
  max_auto_readahead_size: 262144
  prepopulate_block_cache: 0
2022/09/02-17:12:59.369386 d5b0        Options.write_buffer_size: 67108864
2022/09/02-17:12:59.369402 d5b0  Options.max_write_buffer_number: 2
2022/09/02-17:12:59.369415 d5b0          Options.compression: LZ4
2022/09/02-17:12:59.369427 d5b0                  Options.bottommost_compression: Disabled
2022/09/02-17:12:59.369440 d5b0       Options.prefix_extractor: nullptr
2022/09/02-17:12:59.369452 d5b0   Options.memtable_insert_with_hint_prefix_extractor: nullptr
2022/09/02-17:12:59.369465 d5b0             Options.num_levels: 7
2022/09/02-17:12:59.369477 d5b0        Options.min_write_buffer_number_to_merge: 1
2022/09/02-17:12:59.369489 d5b0     Options.max_write_buffer_number_to_maintain: 0
2022/09/02-17:12:59.369502 d5b0     Options.max_write_buffer_size_to_maintain: 134217728
2022/09/02-17:12:59.369515 d5b0            Options.bottommost_compression_opts.window_bits: -14
2022/09/02-17:12:59.369527 d5b0                  Options.bottommost_compression_opts.level: 32767
2022/09/02-17:12:59.369540 d5b0               Options.bottommost_compression_opts.strategy: 0
2022/09/02-17:12:59.369552 d5b0         Options.bottommost_compression_opts.max_dict_bytes: 0
2022/09/02-17:12:59.369564 d5b0         Options.bottommost_compression_opts.zstd_max_train_bytes: 0
2022/09/02-17:12:59.369577 d5b0         Options.bottommost_compression_opts.parallel_threads: 1
2022/09/02-17:12:59.369589 d5b0                  Options.bottommost_compression_opts.enabled: false
2022/09/02-17:12:59.369601 d5b0         Options.bottommost_compression_opts.max_dict_buffer_bytes: 0
2022/09/02-17:12:59.369613 d5b0            Options.compression_opts.window_bits: -14
2022/09/02-17:12:59.369626 d5b0                  Options.compression_opts.level: 32767
2022/09/02-17:12:59.369638 d5b0               Options.compression_opts.strategy: 0
2022/09/02-17:12:59.369658 d5b0         Options.compression_opts.max_dict_bytes: 0
2022/09/02-17:12:59.369672 d5b0         Options.compression_opts.zstd_max_train_bytes: 0
2022/09/02-17:12:59.369685 d5b0         Options.compression_opts.parallel_threads: 1
2022/09/02-17:12:59.369698 d5b0                  Options.compression_opts.enabled: false
2022/09/02-17:12:59.369711 d5b0         Options.compression_opts.max_dict_buffer_bytes: 0
2022/09/02-17:12:59.369725 d5b0      Options.level0_file_num_compaction_trigger: 4
2022/09/02-17:12:59.369738 d5b0          Options.level0_slowdown_writes_trigger: 20
2022/09/02-17:12:59.369751 d5b0              Options.level0_stop_writes_trigger: 36
